[SpectrumHeader]
Title = Particle 42
ExcitationWavelength = 532.054016113281
SpectrumSize = 1600
XDataKind = 1/cm

[SampleMetaData]
Length = 1.70595032413527
Width = 1.32685056968404
Aspect Ratio = 0.77777796393726
Num Pixels = 156
Area = 1.5569333404354
Convex Area = 1.76153034991569
Perimeter = 5.34032758929091
Convex Perimeter = 4.90712746762257
Feret Max = 1.7660285530647
Feret Min = 1.32685056968404
CE Diameter = 1.40795919598508
Circularity = 0.828270212398758
Convexity = 0.918881358039338
Solidity = 0.88385269121813
SE Volume = 1.46139907613453
Focus Z Position = 0.680000007152557
Material = PET
VisualCenterPointX = -3.6691138197213
VisualCenterPointY = -23.842853407142
VisualCenterPointZ = 0

[SpectrumData]
-70.9766554320777	1274.65
-68.0105362578906	1274.4
-65.0454772452213	1274.9
-62.0814776437801	1273.9
-59.1185367044418	1274.65
-56.1566536792488	1275.3
-53.1958278214115	1274.8
-50.2360583852969	1275.8
-47.2773446263636	1274.8
-44.3196858012416	1274.5
-41.3630811677685	1275.1
-38.4075299847827	1274.5
-35.453031512403	1274.8
-32.4995850117775	1274.85
-29.5471897452298	1274.75
-26.5958449762002	1274.7
-23.6455499692893	1275.35
-20.6963039901966	1274.35
-17.7481063057094	1275.45
-14.8009561837862	1274.3
-11.8548528934625	1274.15
-8.90979570495983	1274.25
-5.96578388952184	1275.35
-3.0228167195055	1276.35
-0.0808934684719134	1276
2.85998658901735	1275
5.79982417723659	1275.65
8.73862001939051	1274.8
11.6763748376179	1274.6
14.6130893528752	1275.3
17.5487642850676	1275.4
20.4834003530596	1275.35
23.4169982745843	1274.95
26.3495587662874	1275.6
29.2810825437191	1276.25
32.2115703213822	1274.75
35.1410228126879	1274.45
38.069440729967	1276.4
40.9968247845027	1276
43.9231756864901	1275.35
46.8484941450151	1275.8
49.7727808681775	1276
52.6960365629493	1275.1
55.618261935273	1276.45
58.5394576900253	1282.2
61.4596245310495	1302.9
64.3787631610721	1361.75
67.2968742818193	1467.7
70.2139585939913	1617.25
73.1300167971676	1721.05
76.0450495899058	1772.05
78.9590576697738	1780.5
81.8720417332552	1766.9
84.7840024757934	1750.1
87.694940591784	1719.5
90.604856774673	1690.1
93.5137517167823	1664.55
96.4216261094407	1643.85
99.3284806429219	1615.85
102.234316006507	1584.4
105.1391328885	1575.25
108.042931976113	1555.55
110.945713955505	1539.7
113.847479511966	1516.15
116.748229329616	1512.6
119.647964091655	1482.5
122.546684480287	1469.1
125.444391176639	1452.85
128.341084860935	1445.35
131.236766212252	1441.7
134.13143590877	1423.9
137.025094627716	1413.85
139.917743045226	1408.65
142.809381836421	1397.1
145.700011675599	1395.1
148.58963323585	1385.45
151.478247189469	1380.25
154.365854207685	1375.9
157.252454960657	1364.7
160.138050117766	1366.45
163.022640347244	1359.85
165.90622631642	1362
168.788808691676	1357.9
171.670388138347	1357
174.55096532085	1357.8
177.430540902609	1352.5
180.309115546126	1351.55
183.186689912927	1356.1
186.063264663539	1344.25
188.938840457555	1349.8
191.813417953676	1342.45
194.68699780956	1348.4
197.559580681915	1344.2
200.431167226583	1340.15
203.301758098376	1343.15
206.17135395118	1344.05
209.039955437998	1344.1
211.907563210807	1345.25
214.774177920688	1344.4
217.639800217839	1344.8
220.504430751378	1345.05
223.368070169658	1342.45
226.230719119965	1341.9
229.092378248781	1340.15
231.953048201562	1342.25
234.812729622867	1339.25
237.671423156349	1339.9
240.529129444778	1341
243.385849129896	1340.4
246.241582852646	1342.3
249.096331253018	1343.05
251.950094970041	1343.55
254.802874641926	1346.35
257.65467090586	1351
260.505484398283	1350.3
263.355315754565	1356.45
266.204165609284	1351.85
269.052034596112	1351.5
271.898923347719	1353.6
274.744832496053	1354.4
277.589762672054	1354.95
280.433714505747	1349.55
283.276688626349	1344.3
286.118685662161	1340.65
288.959706240577	1336.7
291.799750988121	1333.1
294.638820530476	1331.1
297.476915492382	1326.75
300.314036497741	1332
303.150184169557	1324.95
305.985359129998	1325.5
308.819562000324	1323.25
311.652793400935	1325.8
314.485053951361	1322.9
317.316344270301	1321.15
320.146664975531	1321.85
322.976016684021	1315.4
325.80440001185	1320.35
328.63181557427	1319.6
331.458263985638	1318.6
334.283745859469	1318.65
337.108261808458	1320.8
339.93181244444	1320.35
342.754398378336	1319.4
345.576020220331	1314.7
348.396678579651	1320.75
351.216374064836	1318.4
354.03510728338	1317.75
356.852878842114	1317.4
359.669689346971	1317.25
362.485539402987	1318.05
365.300429614494	1318.85
368.114360584914	1316.1
370.927332916843	1317.05
373.739347212017	1318.2
376.550404071455	1320.2
379.360504095228	1317.2
382.169647882711	1314.05
384.977836032333	1317.2
387.785069141821	1317.85
390.591347807993	1316.25
393.396672626892	1313.95
396.201044193778	1316.7
399.004463103094	1316.45
401.806929948376	1319.25
404.608445322483	1320.55
407.409009817453	1321.2
410.208624024443	1316.6
413.007288533838	1318.9
415.805003935293	1317.6
418.601770817575	1318.6
421.39758976868	1320.6
424.192461375897	1314.8
426.986386225566	1315.7
429.779364903388	1313.25
432.571397994205	1316.95
435.36248608202	1316.2
438.15262975017	1318.2
440.941829581163	1317.2
443.730086156651	1316.95
446.517400057601	1311.75
449.303771864168	1316.35
452.089202155723	1314.9
454.873691510915	1314.1
457.657240507553	1313.35
460.43984972269	1319.7
463.221519732644	1319.4
466.002251112976	1316
468.782044438376	1315.9
471.56090028293	1314.7
474.338819219829	1315.75
477.115801821576	1314.55
479.891848659921	1317.85
482.666960305782	1314.7
485.441137329395	1317.3
488.214380300233	1315.3
490.986689786998	1316.5
493.758066357652	1317.15
496.528510579421	1316.95
499.298023018739	1315.3
502.066604241387	1316.55
504.834254812307	1318.3
507.600975295787	1317.9
510.366766255262	1320.1
513.131628253523	1319.2
515.895561852623	1319.6
518.658567613871	1317.35
521.420646097773	1318.85
524.181797864225	1316.75
526.94202347226	1322.7
529.701323480316	1317.1
532.45969844604	1316.9
535.217148926356	1318.75
537.973675477471	1316.25
540.729278654831	1314.1
543.483959013261	1317.75
546.237717106775	1317.6
548.990553488726	1319.2
551.742468711745	1317.95
554.493463327697	1314.8
557.243537887844	1317.65
559.992692942611	1319.35
562.7409290418	1316.75
565.488246734512	1320.95
568.234646569086	1317.4
570.980129093223	1319.65
573.724694853885	1316.3
576.468344397344	1314.5
579.211078269134	1319.75
581.952897014191	1315.3
584.693801176654	1316.75
587.433791300009	1315.25
590.172867927089	1315.85
592.911031599993	1315.15
595.648282860111	1316.95
598.384622248203	1318.25
601.120050304315	1316.85
603.854567567836	1318.6
606.58817457741	1318.85
609.320871871048	1320.15
612.052659986093	1318.55
614.783539459233	1317.8
617.513510826346	1321.85
620.242574622815	1324.25
622.970731383251	1328
625.697981641584	1345.6
628.424325931112	1382.5
631.149764784488	1407.05
633.874298733623	1396.15
636.597928309828	1361.9
639.32065404372	1337.15
642.042476465293	1323.4
644.763396103819	1322.6
647.483413487967	1319.65
650.202529145739	1318.4
652.920743604453	1317.4
655.638057390799	1319.4
658.354471030794	1320.75
661.069985049813	1320.5
663.784599972605	1314.35
666.498316323243	1315.65
669.211134625199	1319.15
671.92305540121	1323.4
674.634079173458	1321.5
677.344206463444	1320.35
680.053437792016	1318.75
682.761773679416	1321.45
685.469214645233	1319.9
688.17576120844	1320.35
690.881413887342	1320.6
693.586173199656	1320.85
696.290039662363	1327.7
698.993013791962	1342.95
701.695096104213	1349.05
704.39628711433	1347
707.09658733679	1337.8
709.795997285593	1330.95
712.494517473973	1328.35
715.192148414648	1319.5
717.88889061967	1319.35
720.584744600481	1317.95
723.279710867901	1321.6
725.973789932137	1323
728.666982302784	1324.2
731.35928848882	1319.85
734.050708998609	1324.55
736.741244339959	1321.9
739.43089501997	1324.05
742.119661545214	1316.8
744.807544421623	1318.95
747.494544154517	1320.45
750.180661248665	1322.5
752.865896208186	1321.75
755.550249536631	1317.05
758.233721736928	1320.2
760.916313311373	1321.8
763.59802476177	1324.8
766.278856589226	1326.75
768.95880929433	1323.3
771.637883377043	1321.6
774.316079336699	1322.4
776.99339767214	1327.3
779.669838881535	1325.8
782.34540346247	1329.4
785.020091912033	1333.8
787.693904726642	1341.15
790.366842402171	1349.2
793.03890543387	1356.05
795.710094316506	1354.9
798.380409544152	1353.05
801.04985161038	1347.75
803.718421008158	1346.25
806.386118229882	1348.7
809.052943767401	1347.05
811.71889811198	1348
814.383981754261	1348.85
817.048195184412	1350.25
819.711538891985	1350.95
822.374013365963	1355.85
825.03561909476	1352.05
827.696356566241	1354.85
830.35622626773	1353.3
833.015228685934	1357.4
835.673364307029	1355.15
838.330633616661	1358.55
840.987037099894	1362.5
843.642575241221	1370.15
846.297248524628	1386.1
848.951057433525	1402.95
851.604002450746	1422.15
854.25608405859	1439
856.907302738819	1440.7
859.557658972619	1432.55
862.207153240706	1412.05
864.855786023167	1395.85
867.503557799606	1369
870.150469048967	1365.95
872.796520249864	1364.95
875.441711880158	1355.9
878.08604441729	1365.95
880.729518338143	1364.75
883.372134119039	1362.15
886.013892235827	1362
888.654793163751	1357.75
891.294837377547	1357.45
893.934025351406	1351.95
896.572357559064	1348.45
899.209834473648	1345.4
901.84645656775	1343.85
904.482224313531	1339.7
907.117138182493	1339.3
909.751198645747	1335.8
912.384406173802	1330.5
915.016761236682	1334.1
917.648264303851	1330
920.278915844279	1330.1
922.908716326445	1329.75
925.537666218297	1328.4
928.165765987182	1328.85
930.793016100095	1328.35
933.4194170234	1331.75
936.044969222985	1327.55
938.669673164197	1323.5
941.29352931193	1327.85
943.916538130547	1325.05
946.538700083926	1328.25
949.160015635371	1326.35
951.780485247724	1328.5
954.400109383343	1325.4
957.018888504099	1324.3
959.636823071291	1329.45
962.253913545748	1324.85
964.870160387873	1327.7
967.485564057468	1328.05
970.100125013858	1328.35
972.713843715963	1331.15
975.326720622103	1330.45
977.938756190171	1328.85
980.549950877532	1328.65
983.160305141049	1331.6
985.769819437195	1329
988.378494221815	1331.05
990.986329950352	1333
993.593327077793	1334.55
996.199486058504	1337.55
998.804807346576	1337.35
1001.4092913954	1344.1
1004.01293865807	1339.8
1006.61574958703	1339
1009.21772463443	1337.25
1011.81886425179	1331.7
1014.41916889019	1334.25
1017.01863900033	1339.45
1019.61727503231	1336.15
1022.21507743582	1339.8
1024.81204666008	1340.2
1027.40818315381	1340.8
1030.00348736528	1339.25
1032.59795974232	1341.25
1035.19160073224	1338.85
1037.7844107819	1337.8
1040.37639033772	1339.9
1042.96753984561	1335.45
1045.55785975108	1336.4
1048.14735049912	1331.45
1050.73601253427	1334.5
1053.32384630067	1333.15
1055.91085224193	1334.65
1058.49703080125	1331.25
1061.08238242129	1326.2
1063.66690754441	1334.95
1066.25060661234	1333.15
1068.83348006645	1329.9
1071.4155283477	1337.35
1073.99675189652	1333.15
1076.5771511529	1338.15
1079.15672655643	1339.7
1081.73547854619	1343.85
1084.31340756087	1350.75
1086.89051403869	1354.2
1089.46679841739	1364.5
1092.04226113436	1369.45
1094.61690262643	1373.6
1097.19072333009	1374.2
1099.76372368131	1375.45
1102.33590411568	1376.25
1104.90726506836	1377.2
1107.47780697397	1381.2
1110.04753026686	1386.65
1112.61643538078	1389.75
1115.18452274913	1398
1117.75179280488	1395.85
1120.31824598057	1390.05
1122.88388270825	1388.5
1125.44870341961	1380.5
1128.01270854589	1370.9
1130.57589851788	1363.3
1133.13827376596	1359.05
1135.69983472009	1356.3
1138.26058180979	1345.7
1140.82051546416	1342.45
1143.37963611193	1342.25
1145.93794418127	1341.5
1148.49544010009	1335.15
1151.0521242958	1333.85
1153.60799719538	1334.45
1156.16305922543	1337.55
1158.71731081211	1335.2
1161.27075238115	1334.3
1163.82338435794	1343.1
1166.37520716733	1344.45
1168.92622123388	1353.75
1171.47642698167	1363.55
1174.02582483438	1365.4
1176.57441521531	1370.65
1179.1221985473	1366.3
1181.66917525281	1360.55
1184.21534575392	1354.85
1186.76071047223	1351
1189.30526982903	1346.4
1191.84902424513	1340.95
1194.39197414094	1339.65
1196.93411993654	1340.05
1199.47546205156	1333.35
1202.01600090517	1337.6
1204.55573691627	1337.15
1207.09467050325	1331.95
1209.63280208415	1332.85
1212.17013207664	1338.6
1214.70666089791	1334.45
1217.24238896483	1332.3
1219.77731669386	1330.1
1222.31144450109	1333.1
1224.84477280214	1331.6
1227.37730201229	1334.6
1229.90903254647	1339.65
1232.43996481915	1337.45
1234.97009924443	1343.95
1237.4994362361	1344.35
1240.02797620741	1349.25
1242.55571957138	1348.55
1245.08266674054	1346.4
1247.60881812709	1355.75
1250.13417414282	1350.3
1252.65873519917	1350.8
1255.18250170716	1353.6
1257.70547407745	1361
1260.22765272036	1373.3
1262.74903804577	1386.85
1265.26963046317	1392.75
1267.78943038176	1402
1270.30843821029	1401.25
1272.82665435715	1420.55
1275.34407923036	1431
1277.86071323762	1445
1280.37655678619	1454.15
1282.89161028295	1469.1
1285.40587413448	1477.45
1287.91934874692	1473.8
1290.43203452609	1467.15
1292.94393187742	1462.35
1295.45504120595	1448.5
1297.96536291646	1435.2
1300.47489741321	1414
1302.98364510022	1404.3
1305.49160638107	1402.3
1307.99878165903	1395.2
1310.505171337	1393.5
1313.01077581746	1381.55
1315.51559550262	1375.05
1318.01963079426	1365.1
1320.52288209385	1359.7
1323.02534980246	1349.5
1325.52703432086	1350.75
1328.02793604938	1348.75
1330.52805538811	1343.55
1333.02739273669	1340.75
1335.52594849444	1342.8
1338.02372306031	1343.45
1340.52071683296	1339.7
1343.0169302106	1341.3
1345.5123635912	1340.35
1348.00701737233	1337.95
1350.50089195115	1343.55
1352.99398772459	1337.05
1355.48630508912	1341.65
1357.977844441	1337.25
1360.468606176	1341.85
1362.95859068964	1337.5
1365.44779837706	1346.8
1367.93622963304	1345.35
1370.42388485211	1354.5
1372.91076442834	1345.4
1375.39686875558	1349.3
1377.88219822719	1344.85
1380.36675323633	1339.65
1382.85053417574	1340.65
1385.3335414379	1337.05
1387.8157754149	1341.6
1390.29723649845	1336.15
1392.77792508003	1338.2
1395.25784155074	1336.6
1397.73698630129	1345.05
1400.21535972217	1345.05
1402.69296220344	1348.45
1405.16979413489	1349.7
1407.64585590593	1355.7
1410.12114790574	1361.45
1412.59567052304	1359.6
1415.06942414631	1348.35
1417.54240916367	1350.3
1420.01462596292	1348.85
1422.48607493154	1343.3
1424.95675645672	1338.85
1427.42667092527	1339.5
1429.89581872366	1348.1
1432.36420023814	1341.4
1434.83181585455	1349.05
1437.29866595843	1348.05
1439.764750935	1354.4
1442.23007116921	1353.45
1444.6946270456	1356.8
1447.15841894847	1358.2
1449.62144726174	1363.1
1452.08371236909	1357.6
1454.54521465385	1356.4
1457.005954499	1356.85
1459.46593228725	1359.75
1461.92514840098	1351.2
1464.38360322228	1350.45
1466.84129713289	1346.2
1469.29823051426	1341.05
1471.75440374753	1339.15
1474.20981721357	1343.95
1476.66447129283	1342.1
1479.11836636557	1340.5
1481.57150281173	1341.15
1484.02388101085	1338.1
1486.47550134221	1334.9
1488.92636418489	1333.65
1491.3764699175	1334.65
1493.82581891847	1338.4
1496.27441156584	1334.7
1498.7222482374	1338.65
1501.16932931066	1336.95
1503.61565516275	1337.25
1506.06122617057	1335.6
1508.50604271072	1335.9
1510.95010515943	1332.2
1513.39341389271	1333.65
1515.83596928624	1335.2
1518.27777171538	1331.9
1520.71882155528	1332.75
1523.15911918069	1334
1525.59866496615	1335.15
1528.03745928582	1332.7
1530.47550251365	1333.65
1532.91279502326	1335.2
1535.34933718794	1337.5
1537.7851293808	1337.05
1540.22017197455	1338.1
1542.65446534165	1336.65
1545.08800985429	1339.55
1547.52080588433	1337.45
1549.95285380341	1337.95
1552.38415398276	1340.95
1554.81470679349	1340.4
1557.2445126063	1338.65
1559.67357179161	1338.55
1562.10188471965	1337.9
1564.52945176027	1339.9
1566.95627328306	1337.55
1569.38234965738	1340.5
1571.80768125222	1344.85
1574.23226843638	1343.25
1576.65611157831	1348.65
1579.07921104621	1349.8
1581.50156720802	1348.05
1583.92318043135	1351
1586.34405108355	1355.15
1588.76417953176	1350.85
1591.18356614274	1359.45
1593.60221128307	1362.3
1596.02011531892	1374.45
1598.43727861639	1395.35
1600.85370154111	1423.1
1603.2693844585	1466.85
1605.68432773381	1538.2
1608.09853173186	1644.6
1610.51199681725	1767.35
1612.92472335443	1864.45
1615.33671170737	1851.8
1617.74796223994	1726.35
1620.15847531568	1573.75
1622.56825129782	1461.6
1624.9772905494	1404.95
1627.38559343317	1377.7
1629.79316031155	1369.25
1632.19999154681	1359.45
1634.60608750085	1355.3
1637.01144853532	1352.8
1639.4160750117	1349.9
1641.81996729107	1348
1644.22312573436	1349.25
1646.62555070217	1344.15
1649.02724255488	1342.85
1651.42820165256	1341.1
1653.82842835509	1343.2
1656.22792302206	1339.5
1658.62668601273	1340.4
1661.02471768618	1343.3
1663.42201840124	1339.7
1665.81858851643	1341.35
1668.21442839009	1337.85
1670.60953838021	1339.6
1673.00391884458	1340.85
1675.39757014071	1340.9
1677.79049262587	1344.1
1680.18268665711	1342.7
1682.57415259115	1343
1684.96489078452	1350.25
1687.35490159348	1347
1689.74418537402	1344.35
1692.13274248189	1344
1694.52057327261	1343.35
1696.90767810145	1348.6
1699.29405732336	1351.6
1701.67971129312	1355.45
1704.06464036525	1362.65
1706.44884489402	1382.45
1708.83232523338	1401.5
1711.21508173718	1421.7
1713.59711475889	1457.5
1715.97842465179	1502.4
1718.35901176889	1541.05
1720.73887646303	1573.25
1723.11801908668	1600.6
1725.49643999222	1603.1
1727.87413953161	1609.65
1730.25111805676	1592.1
1732.62737591915	1572.5
1735.00291347018	1535.9
1737.37773106093	1512.05
1739.7518290422	1471.8
1742.12520776463	1447.55
1744.49786757862	1416.9
1746.86980883426	1394.2
1749.24103188144	1380.75
1751.61153706987	1365.55
1753.98132474894	1358.65
1756.35039526786	1350.15
1758.71874897551	1351.05
1761.08638622065	1350.7
1763.45330735178	1344.9
1765.8195127171	1345.35
1768.18500266468	1341.1
1770.54977754224	1338.1
1772.91383769734	1342.15
1775.27718347729	1339.95
1777.63981522918	1340.25
1780.00173329989	1337.65
1782.36293803599	1339.25
1784.72342978391	1334.4
1787.08320888977	1335.5
1789.44227569952	1338
1791.80063055887	1340
1794.15827381328	1335.95
1796.51520580805	1336.45
1798.87142688814	1338.25
1801.22693739835	1334.15
1803.58173768324	1337.3
1805.9358280872	1333.35
1808.28920895432	1332.55
1810.64188062848	1337.65
1812.99384345335	1337.25
1815.34509777241	1337.3
1817.69564392885	1334.45
1820.04548226566	1336.9
1822.39461312563	1336.15
1824.74303685133	1336
1827.09075378508	1332.05
1829.437764269	1332.5
1831.78406864495	1335.4
1834.12966725466	1332.7
1836.47456043956	1332.85
1838.81874854086	1333.35
1841.16223189963	1333.75
1843.50501085661	1334.85
1845.84708575242	1336.4
1848.18845692741	1332.4
1850.52912472176	1337
1852.86908947537	1336
1855.20835152796	1332.2
1857.54691121902	1338.2
1859.88476888788	1333.8
1862.22192487359	1331
1864.558379515	1336.05
1866.8941331508	1332.65
1869.22918611937	1334.4
1871.56353875894	1332.1
1873.89719140757	1331.85
1876.23014440301	1333.75
1878.56239808285	1330.4
1880.89395278449	1331.45
1883.22480884507	1331.15
1885.55496660161	1331.75
1887.88442639079	1334
1890.21318854917	1333.55
1892.5412534131	1331.45
1894.86862131866	1331.5
1897.19529260183	1330.15
1899.52126759829	1333.35
1901.84654664352	1335.05
1904.17113007288	1336.6
1906.49501822139	1331.4
1908.81821142399	1330.7
1911.14071001533	1330.85
1913.46251432989	1331.65
1915.78362470196	1335.25
1918.1040414656	1333.85
1920.42376495469	1335.35
1922.74279550288	1334.85
1925.06113344363	1335.15
1927.37877911022	1330.3
1929.6957328357	1337.7
1932.01199495293	1331.1
1934.32756579456	1336.8
1936.64244569303	1335.55
1938.95663498066	1335.9
1941.27013398945	1332.3
1943.58294305128	1334.5
1945.89506249783	1333.2
1948.20649266054	1335.05
1950.51723387069	1334.5
1952.82728645932	1334.7
1955.13665075736	1339.75
1957.44532709541	1333.4
1959.75331580401	1333.4
1962.06061721342	1333
1964.36723165377	1337.8
1966.67315945487	1332
1968.97840094649	1335.45
1971.28295645812	1332.8
1973.58682631905	1332.65
1975.89001085844	1334.15
1978.19251040516	1334
1980.494325288	1330.85
1982.79545583546	1334.1
1985.09590237592	1336.5
1987.39566523752	1336.65
1989.69474474823	1334.2
1991.99314123583	1333.55
1994.29085502793	1333.55
1996.58788645191	1336.05
1998.88423583496	1336.2
2001.17990350411	1331.25
2003.47488978619	1334.25
2005.76919500788	1338.95
2008.06281949558	1329.1
2010.35576357558	1331.55
2012.64802757396	1332.95
2014.93961181663	1333.35
2017.23051662925	1332.7
2019.52074233741	1333.3
2021.81028926638	1334.95
2024.09915774136	1334.8
2026.38734808728	1333.45
2028.67486062894	1333.65
2030.96169569092	1333.05
2033.24785359766	1332.15
2035.53333467336	1333.15
2037.8181392421	1334.15
2040.10226762771	1335.5
2042.38572015388	1331.75
2044.66849714414	1334.35
2046.95059892175	1333.1
2049.23202580988	1336.65
2051.51277813151	1336.1
2053.79285620938	1338.25
2056.07226036609	1337
2058.35099092406	1335.6
2060.62904820554	1335.2
2062.90643253257	1334.15
2065.18314422699	1334.35
2067.45918361056	1332.6
2069.73455100479	1336.3
2072.00924673099	1337.1
2074.28327111037	1334.6
2076.55662446386	1339.1
2078.82930711232	1332
2081.10131937636	1336.45
2083.37266157645	1338.85
2085.64333403287	1338.5
2087.91333706573	1335.5
2090.18267099495	1336.4
2092.45133614032	1333.25
2094.71933282136	1336.3
2096.98666135753	1334.1
2099.25332206808	1332.4
2101.51931527201	1333.35
2103.78464128825	1332.65
2106.04930043552	1336.35
2108.31329303233	1333.75
2110.57661939707	1333.25
2112.83927984795	1333.65
2115.10127470298	1333.55
2117.36260428001	1335.6
2119.62326889674	1331.05
2121.88326887067	1335.5
2124.14260451915	1332.8
2126.40127615936	1337.45
2128.65928410831	1332.3
2130.91662868281	1332.55
2133.17331019953	1332.45
2135.42932897498	1337.65
2137.68468532548	1333.3
2139.93937956721	1338.25
2142.19341201612	1337.55
2144.44678298807	1331.65
2146.6994927987	1334.8
2148.95154176352	1336.9
2151.20293019784	1336.65
2153.45365841678	1333.1
2155.70372673541	1336.65
2157.95313546847	1334.65
2160.20188493068	1333.3
2162.44997543654	1335.25
2164.69740730033	1332.9
2166.94418083625	1334.9
2169.19029635827	1329.9
2171.43575418027	1335.35
2173.68055461589	1332.55
2175.92469797864	1337.1
2178.16818458188	1335.8
2180.4110147388	1333.95
2182.65318876239	1336.55
2184.89470696553	1334.7
2187.13556966092	1335.3
2189.3757771611	1336.05
2191.6153297784	1333.25
2193.85422782509	1336.65
2196.09247161318	1337.95
2198.33006145458	1335.45
2200.56699766099	1333.7
2202.80328054401	1336.1
2205.03891041507	1336.7
2207.27388758537	1336
2209.50821236601	1337.1
2211.74188506796	1334.6
2213.97490600193	1332.95
2216.20727547859	1338.8
2218.43899380839	1337.85
2220.67006130163	1336.45
2222.90047826838	1338.05
2225.13024501872	1338.2
2227.35936186243	1339.45
2229.58782910918	1338.85
2231.81564706848	1337.25
2234.0428160497	1336.4
2236.26933636204	1334.25
2238.49520831453	1336.25
2240.72043221604	1338.35
2242.94500837535	1338.35
2245.16893710102	1338.55
2247.39221870145	1332.1
2249.61485348491	1337.95
2251.83684175956	1335.95
2254.05818383329	1332.65
2256.27888001398	1335.45
2258.49893060922	1332.5
2260.71833592657	1337.5
2262.9370962733	1336.4
2265.15521195664	1334.65
2267.37268328365	1334.8
2269.58951056117	1335.65
2271.805694096	1335
2274.02123419466	1332.65
2276.2361311636	1334.05
2278.45038530914	1336.35
2280.66399693732	1335.35
2282.87696635422	1333.25
2285.08929386561	1335.5
2287.30097977717	1337.55
2289.51202439443	1334.5
2291.72242802276	1329.7
2293.93219096739	1334.6
2296.14131353341	1336.65
2298.34979602573	1335.2
2300.55763874915	1332.55
2302.76484200825	1332.9
2304.97140610756	1336.4
2307.1773313514	1338.3
2309.38261804394	1334.3
2311.58726648922	1336.85
2313.79127699113	1332.55
2315.99464985341	1338.05
2318.19738537964	1338.55
2320.39948387328	1340.45
2322.60094563762	1337.6
2324.80177097581	1335.5
2327.00196019087	1334.65
2329.20151358562	1341.35
2331.40043146282	1336.55
2333.59871412501	1331.95
2335.79636187462	1338
2337.99337501391	1334.95
2340.18975384503	1332.15
2342.38549866995	1338.2
2344.58060979049	1331.6
2346.77508750839	1336.25
2348.96893212519	1338.9
2351.16214394228	1333.8
2353.35472326089	1335.3
2355.54667038223	1340.9
2357.73798560718	1337.5
2359.92866923663	1337.35
2362.11872157123	1338.6
2364.30814291156	1336.9
2366.49693355801	1332.55
2368.6850938108	1334.75
2370.8726239701	1340.1
2373.05952433588	1337.05
2375.24579520792	1332.5
2377.431436886	1332.6
2379.61644966958	1336.55
2381.80083385809	1335.55
2383.98458975084	1334.9
2386.16771764692	1337.05
2388.35021784529	1336.4
2390.53209064485	1338.1
2392.71333634425	1337.9
2394.89395524208	1336.4
2397.07394763676	1335.1
2399.25331382656	1340.05
2401.43205410961	1337.75
2403.61016878396	1336.2
2405.78765814741	1338.5
2407.96452249772	1336.8
2410.14076213248	1334.55
2412.31637734914	1336.9
2414.49136844495	1339.7
2416.66573571713	1337.2
2418.83947946271	1340
2421.01259997852	1337.4
2423.1850975614	1339
2425.35697250791	1334.15
2427.52822511452	1336.6
2429.69885567762	1334.55
2431.86886449333	1339.6
2434.03825185781	1332
2436.20701806691	1335.25
2438.37516341644	1335.15
2440.5426882021	1335.05
2442.70959271936	1337.25
2444.87587726359	1337.35
2447.04154213005	1342.95
2449.20658761387	1338.7
2451.37101400998	1336.8
2453.53482161326	1335.45
2455.69801071836	1334.85
2457.8605816199	1334.35
2460.02253461228	1332.1
2462.18386998979	1335.15
2464.34458804659	1336.4
2466.50468907673	1336.25
2468.66417337407	1332.2
2470.82304123236	1333.95
2472.98129294523	1341.15
2475.13892880619	1333.6
2477.29594910855	1337.15
2479.45235414555	1335.85
2481.60814421031	1334.6
2483.76331959571	1336.85
2485.9178805946	1334.45
2488.07182749967	1337.75
2490.22516060347	1335.15
2492.3778801984	1335.2
2494.52998657677	1333.9
2496.68148003069	1334.7
2498.83236085223	1337.45
2500.98262933324	1333.7
2503.13228576548	1337.95
2505.28133044056	1340
2507.42976365	1334.85
2509.57758568513	1339.2
2511.72479683716	1337.15
2513.87139739723	1333.85
2516.01738765626	1336.6
2518.16276790511	1330.5
2520.30753843447	1337.4
2522.45169953491	1335.5
2524.59525149684	1339.45
2526.73819461058	1337.8
2528.88052916631	1336
2531.02225545408	1335.1
2533.16337376379	1338.3
2535.30388438523	1338.85
2537.44378760803	1338.9
2539.58308372173	1338.6
2541.72177301575	1339.9
2543.8598557793	1342.45
2545.99733230155	1338.35
2548.13420287147	1334.8
2550.27046777797	1339.3
2552.40612730974	1339.4
2554.54118175543	1338.25
2556.67563140353	1339.85
2558.8094765424	1336.4
2560.94271746021	1334.05
2563.07535444515	1338.5
2565.20738778509	1336.15
2567.33881776793	1337.8
2569.46964468137	1339.4
2571.59986881296	1338.8
2573.72949045019	1335.6
2575.85850988041	1337.8
2577.98692739076	1338.2
2580.11474326833	1339.2
2582.24195780007	1335.7
2584.36857127278	1337.75
2586.49458397316	1341.35
2588.61999618775	1336.15
2590.74480820301	1340.05
2592.86902030521	1338.45
2594.99263278055	1341
2597.11564591506	1341.2
2599.23805999469	1341.3
2601.35987530519	1340.15
2603.48109213227	1340.15
2605.60171076144	1339
2607.72173147814	1339.3
2609.84115456763	1342.9
2611.95998031511	1343.2
2614.07820900557	1339.75
2616.19584092393	1343.1
2618.312876355	1339.75
2620.4293155834	1345.7
2622.54515889368	1340.5
2624.66040657021	1341.4
2626.77505889732	1339.65
2628.88911615911	1337.95
2631.00257863966	1338.55
2633.11544662282	1337.9
2635.22772039237	1343.95
2637.339400232	1338.1
2639.45048642521	1338.2
2641.56097925537	1339.35
2643.67087900579	1338.95
2645.7801859596	1341.75
2647.88890039983	1334.9
2649.9970226094	1337.2
2652.10455287102	1335.8
2654.21149146742	1335.75
2656.31783868105	1340
2658.42359479433	1331.3
2660.52876008958	1338.05
2662.63333484887	1339
2664.73731935429	1337.55
2666.84071388773	1336.65
2668.94351873093	1334.15
2671.04573416558	1339.4
2673.1473604732	1338.55
2675.24839793518	1336.2
2677.3488468328	1337.05
2679.44870744724	1338.15
2681.54798005951	1335.9
2683.64666495052	1334.45
2685.74476240107	1335.55
2687.8422726918	1337.4
2689.93919610329	1337.85
2692.03553291589	1335
2694.13128340992	1333.1
2696.22644786557	1336.7
2698.32102656284	1336.15
2700.41501978168	1338.55
2702.50842780187	1337.6
2704.60125090311	1334.3
2706.69348936494	1339.6
2708.78514346676	1336.4
2710.8762134879	1331.15
2712.96669970755	1334.25
2715.05660240476	1340.7
2717.14592185844	1333.75
2719.23465834743	1339.75
2721.32281215045	1336.55
2723.41038354602	1336.7
2725.49737281259	1336.7
2727.58378022849	1337.65
2729.66960607195	1336.3
2731.75485062099	1337.65
2733.83951415361	1339.3
2735.92359694764	1338.7
2738.00709928077	1339.25
2740.09002143063	1338.8
2742.17236367463	1338.6
2744.25412629015	1338.65
2746.33530955439	1334.45
2748.41591374448	1339.95
2750.49593913737	1338.8
2752.57538600995	1341.15
2754.65425463892	1338.15
2756.73254530091	1338.2
2758.81025827241	1338.55
2760.88739382976	1335.9
2762.96395224927	1337.3
2765.03993380699	1337.9
2767.11533877899	1335.35
2769.19016744111	1337.6
2771.26442006913	1336.8
2773.33809693868	1338.3
2775.4111983253	1337.1
2777.48372450436	1336.2
2779.55567575113	1340.25
2781.62705234077	1335.5
2783.69785454832	1337.85
2785.7680826487	1340.85
2787.83773691668	1340.15
2789.90681762692	1340.3
2791.97532505398	1338.15
2794.0432594723	1334.5
2796.11062115616	1337.45
2798.17741037976	1338.45
2800.24362741716	1339.3
2802.30927254228	1338.65
2804.37434602896	1336.85
2806.43884815088	1336.25
2808.50277918166	1337.05
2810.56613939471	1339.25
2812.62892906337	1338.7
2814.69114846089	1338.7
2816.75279786031	1339.45
2818.81387753465	1338.85
2820.87438775676	1335.05
2822.93432879935	1337.95
2824.99370093502	1334.8
2827.05250443627	1338.25
2829.11073957549	1337.6
2831.1684066249	1336.5
2833.22550585665	1337.4
2835.28203754276	1338.2
2837.33800195503	1336.8
2839.39339936533	1336.6
2841.44823004524	1336.2
2843.50249426631	1339.5
2845.55619229994	1338.15
2847.60932441737	1335.05
2849.66189088984	1334.7
2851.71389198833	1340.2
2853.76532798378	1338.65
2855.81619914697	1340.2
2857.86650574862	1339.6
2859.91624805924	1338.05
2861.96542634931	1339.55
2864.01404088912	1341.65
2866.06209194889	1342.6
2868.10957979864	1341.4
2870.15650470842	1341.2
2872.20286694797	1345.35
2874.24866678704	1341.75
2876.29390449524	1346.65
2878.33858034202	1343
2880.38269459676	1344.9
2882.42624752864	1343.75
2884.46923940684	1342.95
2886.5116705003	1345.25
2888.5535410779	1351.15
2890.5948514084	1350.55
2892.63560176042	1349.25
2894.67579240248	1349.35
2896.71542360294	1351.2
2898.75449563009	1352.35
2900.79300875207	1353.1
2902.83096323693	1349.55
2904.86835935255	1354.55
2906.90519736671	1352.65
2908.94147754708	1357
2910.97720016121	1350.5
2913.01236547652	1349.2
2915.04697376032	1349.95
2917.08102527977	1351.1
2919.11452030196	1346
2921.14745909381	1343.55
2923.17984192217	1346.25
2925.21166905367	1347.5
2927.24294075498	1346.15
2929.27365729246	1349.15
2931.30381893256	1352.55
2933.33342594139	1353.4
2935.36247858511	1352.8
2937.39097712966	1360.55
2939.41892184093	1357.25
2941.4463129846	1365.15
2943.47315082636	1368.8
2945.49943563162	1378.2
2947.52516766583	1383.45
2949.55034719416	1381.7
2951.5749744818	1390.45
2953.59904979372	1398.5
2955.62257339484	1404
2957.6455455499	1418.35
2959.66796652358	1412.9
2961.68983658035	1406.45
2963.71115598465	1415
2965.73192500078	1411.8
2967.75214389284	1406.4
2969.77181292495	1402.6
2971.79093236097	1400.7
2973.80950246471	1391.8
2975.82752349986	1389.9
2977.84499572997	1383.65
2979.86191941846	1376.3
2981.87829482868	1377.85
2983.89412222376	1372.95
2985.90940186687	1375.05
2987.92413402085	1371.6
2989.9383189486	1369.85
2991.95195691279	1372.7
2993.96504817604	1369.1
2995.97759300079	1363.45
2997.98959164938	1369.75
3000.00104438406	1364.9
3002.01195146688	1369.4
3004.02231315986	1361.5
3006.03212972484	1364.6
3008.04140142357	1362.4
3010.05012851761	1356.9
3012.05831126852	1352.4
3014.06594993764	1351.35
3016.07304478621	1350.3
3018.07959607537	1351.15
3020.08560406612	1350.95
3022.09106901934	1349.6
3024.09599119578	1350.6
3026.10037085609	1345.25
3028.10420826079	1347.95
3030.10750367027	1346.55
3032.1102573448	1351.3
3034.11246954452	1342.45
3036.11414052945	1343.8
3038.11527055955	1345.75
3040.11585989455	1340.95
3042.11590879412	1342.25
3044.1154175178	1340.3
3046.11438632501	1344.75
3048.11281547505	1346.45
3050.11070522711	1346.45
3052.10805584017	1350.65
3054.1048675732	1345.4
3056.10114068502	1353.5
3058.0968754343	1355.45
3060.09207207957	1356.05
3062.08673087927	1360.9
3064.08085209175	1371.15
3066.07443597516	1378.85
3068.06748278757	1379.6
3070.05999278695	1386.9
3072.05196623109	1395.2
3074.04340337769	1400.95
3076.03430448434	1413.25
3078.02466980849	1424.8
3080.01449960745	1432.65
3082.00379413843	1423.9
3083.9925536585	1419.95
3085.98077842465	1406.35
3087.96846869369	1399.2
3089.95562472232	1386.6
3091.94224676712	1371.25
3093.92833508458	1372.3
3095.91388993103	1363.35
3097.89891156268	1356.5
3099.88340023562	1356.75
3101.86735620583	1350.25
3103.85077972911	1351.25
3105.83367106124	1346.5
3107.81603045778	1346.4
3109.79785817421	1346.4
3111.77915446583	1341.45
3113.75991958792	1337.95
3115.74015379558	1339.2
3117.71985734373	1337.35
3119.69903048728	1338.2
3121.67767348089	1335.55
3123.65578657922	1339.75
3125.6333700367	1339.1
3127.6104241077	1339.05
3129.58694904642	1337.35
3131.56294510702	1337.35
3133.53841254342	1335.35
3135.51335160946	1335.75
3137.48776255889	1335.1
3139.46164564535	1340.2
3141.43500112223	1337.5
3143.40782924292	1336.7
3145.38013026067	1336.9
3147.35190442853	1335.75
3149.32315199951	1340.9
3151.29387322642	1337.4
3153.264068362	1332.75
3155.23373765885	1335.25
3157.20288136944	1335.15
3159.17149974608	1336.2
3161.13959304105	1336.45
3163.1071615064	1334.9
3165.07420539406	1331.1
3167.04072495595	1331.8
3169.00672044373	1336.4
3170.97219210897	1333.05
3172.93714020319	1335.45
3174.90156497767	1333.3
3176.86546668362	1335.9
3178.82884557214	1333.2
3180.79170189418	1336
3182.75403590056	1330.85
3184.715847842	1332.5
3186.67713796902	1335.4
3188.63790653211	1331.9
3190.59815378154	1333.3
3192.55787996755	1331.15
3194.5170853402	1332.05
3196.47577014938	1328.8
3198.43393464494	1330.85
3200.39157907655	1336.35
3202.34870369374	1330.45
3204.30530874596	1330.35
3206.26139448251	1333.65
3208.21696115252	1330.6
3210.17200900507	1330.9
3212.12653828907	1332.1
3214.08054925326	1335.05
3216.03404214633	1332.55
3217.98701721682	1335
3219.93947471309	1338.45
3221.89141488341	1335.65
3223.84283797597	1338.7
3225.79374423874	1336.15
3227.74413391961	1338.8
3229.69400726635	1339.15
3231.64336452656	1334.65
3233.59220594776	1331.95
3235.5405317773	1332.8
3237.48834226242	1333.15
3239.43563765021	1335.2
3241.38241818768	1327.8
3243.32868412166	1332.5
3245.2744356989	1331.15
3247.21967316592	1333.9
3249.16439676924	1328.8
3251.10860675516	1333.3
3253.05230336991	1326.2
3254.99548685949	1327.95
3256.93815746992	1331
3258.88031544694	1331.4
3260.82196103628	1333.3
3262.76309448343	1332.15
3264.70371603385	1331.7
3266.64382593282	1330.35
3268.58342442548	1332.15
3270.52251175684	1332.35
3272.46108817181	1327.3
3274.39915391514	1328.25
3276.33670923148	1330.5
3278.27375436531	1332.6
3280.21028956098	1329.45
3282.14631506275	1327.55
3284.0818311147	1331.75
3286.01683796082	1330.8
3287.95133584491	1329.45
3289.88532501073	1330.95
3291.81880570181	1329.55
3293.75177816162	1330.35
3295.68424263345	1335
3297.61619936048	1328.55
3299.54764858575	1328.35
3301.47859055217	1328.6
3303.40902550252	1332.45
3305.33895367945	1330.7
3307.26837532546	1331.2
3309.19729068294	1329.25
3311.12569999415	1334.15
3313.05360350116	1327.45
3314.98100144596	1330.1
3316.90789407041	1331.85
3318.83428161621	1332.1
3320.76016432493	1329.85
3322.68554243803	1328.15
3324.61041619683	1327.6
3326.53478584244	1328.1
3328.45865161595	1329.35
3330.38201375827	1329.25
3332.30487251017	1328
3334.22722811224	1331.4
3336.14908080503	1329.3
3338.07043082889	1330.5
3339.99127842403	1330.95
3341.91162383057	1328.5
3343.83146728849	1329.55
3345.75080903754	1333.05
3347.6696493175	1333.6
3349.58798836787	1327.1
3351.50582642805	1326.65
3353.42316373738	1327.8
3355.34000053496	1328.85
3357.25633705982	1328.35
3359.17217355085	1328.45
3361.08751024674	1328.15
3363.00234738611	1328.85
3364.91668520742	1330.3
3366.83052394903	1327.9
3368.74386384909	1330.5
3370.65670514568	1331.25
3372.5690480767	1327.9
3374.48089287992	1330.1
3376.39223979298	1329.8
3378.3030890534	1329.15
3380.21344089857	1326.65
3382.12329556566	1328.4
3384.03265329178	1327.9
3385.94151431392	1325.2
3387.84987886884	1329.2
3389.75774719323	1330.65
3391.66511952366	1328.3
3393.57199609651	1327.85
3395.478377148	1331
3397.38426291429	1326.3
3399.28965363138	1328.55
3401.19454953506	1327
3403.09895086107	1325.9
3405.00285784499	1326.1
3406.9062707222	1325.45
3408.80918972799	1329.5
3410.71161509753	1327.3
3412.61354706583	1329.5
3414.51498586773	1328.65
3416.41593173795	1327.6
3418.31638491112	1332.35
3420.21634562163	1330.7
3422.11581410384	1332.1
3424.01479059184	1328.6
3425.91327531972	1331.95
3427.81126852131	1328.25
3429.70877043041	1326.5
3431.60578128055	1329.4
3433.50230130525	1329.4
3435.39833073778	1324.3
3437.29386981134	1327.85
3439.18891875896	1327.65
3441.0834778135	1325.75
3442.97754720775	1327.3
3444.87112717428	1327.65
3446.76421794559	1327.55
3448.65681975397	1328.95
3450.54893283163	1324.05
3452.44055741057	1325.35
3454.33169372272	1325.3
3456.22234199981	1329.4
3458.11250247344	1327.45
3460.00217537507	1326.5
3461.89136093605	1326.65
3463.78005938751	1325.95
3465.66827096052	1331.8
3467.55599588595	1327.55
3469.44323439456	1324.35
3471.32998671693	1328.3
3473.21625308352	1325.65
3475.10203372468	1327.95
3476.98732887051	1324.75
3478.87213875106	1326.05
3480.75646359625	1325.65
3482.64030363574	1322.65
3484.52365909917	1326.15
3486.40653021593	1325.65
3488.28891721537	1328.7
3490.1708203266	1326.15
3492.05223977864	1327.6
3493.93317580033	1327.9
3495.8136286204	1328.6
3497.69359846744	1324.45
3499.57308556981	1326.5
3501.45209015583	1328.75
3503.3306124536	1327.25
3505.20865269111	1324
3507.08621109618	1326.85
3508.96328789649	1328.6
3510.83988331961	1324.75
3512.71599759288	1325.55
3514.59163094359	1328.45
3516.4667835988	1323.35
3518.34145578547	1327.7
3520.21564773039	1324.5
3522.0893596602	1326.35
3523.96259180144	1325.8
3525.83534438042	1327.65
3527.70761762335	1328.5
3529.57941175632	1330.2
3531.45072700519	1327.65
3533.32156359573	1326.45
3535.19192175357	1326.2
3537.06180170413	1323.35
3538.93120367272	1326.5
3540.80012788455	1327.2
3542.66857456457	1328.4
3544.53654393765	1328.1
3546.40403622849	1327.25
3548.27105166169	1327.65
3550.13759046163	1325.9
3552.00365285252	1325.6
3553.86923905855	1325.7
3555.7343493036	1328.65
3557.5989838115	1326.95
3559.4631428059	1322.6
3561.3268265103	1326.2
3563.19003514805	1321.4
3565.05276894231	1327.65
3566.91502811616	1325.3
3568.77681289249	1326.85
3570.638123494	1328.6
3572.49896014333	1329.35
3574.35932306286	1325.35
3576.21921247493	1322.2
3578.0786286016	1324.15
3579.93757166487	1326.85
3581.79604188655	1325
3583.65403948832	1324.55
3585.51156469171	1326.05
3587.36861771804	1325.1
3589.22519878853	1323.7
3591.08130812422	1326.15
3592.93694594601	1325.95
3594.79211247467	1323.2
3596.64680793073	1325
3598.50103253467	1322.9
3600.35478650672	1326.45
3602.20807006705	1326.2
3604.0608834356	1325.35
3605.91322683217	1326.25
3607.76510047643	1326.35
3609.61650458786	1324.2
3611.46743938581	1322.25
3613.31790508949	1325.55
3615.16790191789	1328.6
3617.01743008987	1323.9
3618.86648982421	1323.8
3620.71508133941	1323.65
3622.56320485389	1323.75
3624.41086058588	1322.1
3626.25804875349	1322.15
3628.10476957462	1324.05
3629.95102326707	1325.35
3631.79681004844	1323.45
3633.64213013617	1325.05
3635.48698374758	1326.25
3637.33137109977	1328.15
3639.17529240977	1321.05
3641.01874789435	1325.1
3642.8617377702	1325.85
3644.7042622538	1320.1
3646.54632156153	1322.5
3648.38791590953	1322.05
3650.22904551383	1325.5
3652.06971059029	1324.35

