[SpectrumHeader]
Title = Particle 4807
ExcitationWavelength = 532.054016113281
SpectrumSize = 1600
XDataKind = 1/cm

[SampleMetaData]
Length = 4.51471790110782
Width = 2.82684460849657
Aspect Ratio = 0.626139809932072
Num Pixels = 812
Area = 8.10403764380477
Convex Area = 9.17692440083557
Perimeter = 12.8099300462567
Convex Perimeter = 11.6148949042594
Feret Max = 4.57177652702086
Feret Min = 2.81112902962491
CE Diameter = 3.21222371576368
Circularity = 0.78778716126393
Convexity = 0.906710252305671
Solidity = 0.883088635127787
SE Volume = 17.3546546085808
Focus Z Position = -0.680000007152557
Material = Category G
VisualCenterPointX = -181.394169231179
VisualCenterPointY = -16.1504254888271
VisualCenterPointZ = 0

[SpectrumData]
-70.9766554320777	1275.6
-68.0105362578906	1276.85
-65.0454772452213	1276.25
-62.0814776437801	1277
-59.1185367044418	1275.25
-56.1566536792488	1275.25
-53.1958278214115	1275.25
-50.2360583852969	1274.85
-47.2773446263636	1275.95
-44.3196858012416	1276.55
-41.3630811677685	1276
-38.4075299847827	1275.65
-35.453031512403	1275.2
-32.4995850117775	1274.3
-29.5471897452298	1276.55
-26.5958449762002	1276.2
-23.6455499692893	1275.3
-20.6963039901966	1274.85
-17.7481063057094	1276.5
-14.8009561837862	1275.3
-11.8548528934625	1277
-8.90979570495983	1275.75
-5.96578388952184	1276.1
-3.0228167195055	1277.15
-0.0808934684719134	1277.2
2.85998658901735	1276.15
5.79982417723659	1276.65
8.73862001939051	1277.1
11.6763748376179	1274.35
14.6130893528752	1276.7
17.5487642850676	1275.15
20.4834003530596	1274.2
23.4169982745843	1274.8
26.3495587662874	1276.3
29.2810825437191	1275.95
32.2115703213822	1275
35.1410228126879	1274.95
38.069440729967	1276.3
40.9968247845027	1276.3
43.9231756864901	1276.55
46.8484941450151	1275.8
49.7727808681775	1275
52.6960365629493	1274.75
55.618261935273	1276.4
58.5394576900253	1280.05
61.4596245310495	1292.05
64.3787631610721	1327
67.2968742818193	1381
70.2139585939913	1445.55
73.1300167971676	1482.7
76.0450495899058	1500.05
78.9590576697738	1502.3
81.8720417332552	1493.85
84.7840024757934	1490.35
87.694940591784	1475.55
90.604856774673	1474.2
93.5137517167823	1468.85
96.4216261094407	1457.1
99.3284806429219	1450
102.234316006507	1452.45
105.1391328885	1446.6
108.042931976113	1439.5
110.945713955505	1441.75
113.847479511966	1434.65
116.748229329616	1425.1
119.647964091655	1433.9
122.546684480287	1421.45
125.444391176639	1414.1
128.341084860935	1412.5
131.236766212252	1416.95
134.13143590877	1417.9
137.025094627716	1416.8
139.917743045226	1416
142.809381836421	1406.1
145.700011675599	1410.7
148.58963323585	1408.7
151.478247189469	1410
154.365854207685	1411.45
157.252454960657	1396.35
160.138050117766	1401.3
163.022640347244	1396.7
165.90622631642	1400.6
168.788808691676	1395.05
171.670388138347	1395.8
174.55096532085	1395.95
177.430540902609	1393.45
180.309115546126	1393.35
183.186689912927	1395.15
186.063264663539	1392.65
188.938840457555	1388.15
191.813417953676	1388.6
194.68699780956	1390.2
197.559580681915	1389.7
200.431167226583	1390.6
203.301758098376	1400.05
206.17135395118	1386.85
209.039955437998	1392.25
211.907563210807	1396.75
214.774177920688	1387.65
217.639800217839	1394.85
220.504430751378	1389.4
223.368070169658	1392.85
226.230719119965	1384.7
229.092378248781	1387.35
231.953048201562	1387.5
234.812729622867	1389.1
237.671423156349	1386.5
240.529129444778	1391.7
243.385849129896	1388.9
246.241582852646	1388.2
249.096331253018	1394.4
251.950094970041	1390.95
254.802874641926	1391.85
257.65467090586	1387.7
260.505484398283	1386.9
263.355315754565	1385.35
266.204165609284	1382.4
269.052034596112	1382.25
271.898923347719	1383.6
274.744832496053	1387
277.589762672054	1379.4
280.433714505747	1387.85
283.276688626349	1385.25
286.118685662161	1388.15
288.959706240577	1377.65
291.799750988121	1379.1
294.638820530476	1379.15
297.476915492382	1381.4
300.314036497741	1384.75
303.150184169557	1381.3
305.985359129998	1383.35
308.819562000324	1377.7
311.652793400935	1377.15
314.485053951361	1382.4
317.316344270301	1380.4
320.146664975531	1383.45
322.976016684021	1375.25
325.80440001185	1379.1
328.63181557427	1380
331.458263985638	1378.15
334.283745859469	1386
337.108261808458	1381.45
339.93181244444	1381.15
342.754398378336	1383.4
345.576020220331	1385.85
348.396678579651	1383.35
351.216374064836	1385.35
354.03510728338	1380.55
356.852878842114	1379.5
359.669689346971	1377.45
362.485539402987	1383.7
365.300429614494	1375.6
368.114360584914	1380
370.927332916843	1382.5
373.739347212017	1382.7
376.550404071455	1379.9
379.360504095228	1379.35
382.169647882711	1384.1
384.977836032333	1381.4
387.785069141821	1383.75
390.591347807993	1379.3
393.396672626892	1379.75
396.201044193778	1383.95
399.004463103094	1387.3
401.806929948376	1380.65
404.608445322483	1378.1
407.409009817453	1380.7
410.208624024443	1383.3
413.007288533838	1377.95
415.805003935293	1386.85
418.601770817575	1391.4
421.39758976868	1386.8
424.192461375897	1390.35
426.986386225566	1384.15
429.779364903388	1386.5
432.571397994205	1383.65
435.36248608202	1382
438.15262975017	1387.15
440.941829581163	1383.7
443.730086156651	1382.05
446.517400057601	1379.9
449.303771864168	1386.65
452.089202155723	1382.35
454.873691510915	1389.55
457.657240507553	1382.8
460.43984972269	1382.6
463.221519732644	1385.35
466.002251112976	1376.5
468.782044438376	1382.05
471.56090028293	1379.6
474.338819219829	1386.8
477.115801821576	1380.2
479.891848659921	1386.2
482.666960305782	1385.35
485.441137329395	1384.5
488.214380300233	1385.4
490.986689786998	1386.1
493.758066357652	1383.15
496.528510579421	1379.95
499.298023018739	1379.95
502.066604241387	1385.45
504.834254812307	1381.05
507.600975295787	1378.25
510.366766255262	1387.05
513.131628253523	1386.2
515.895561852623	1385.5
518.658567613871	1379.75
521.420646097773	1384.05
524.181797864225	1387.25
526.94202347226	1381.15
529.701323480316	1384.25
532.45969844604	1389.05
535.217148926356	1386.9
537.973675477471	1385.4
540.729278654831	1387.05
543.483959013261	1385.2
546.237717106775	1387.5
548.990553488726	1389.85
551.742468711745	1389.25
554.493463327697	1384.05
557.243537887844	1385.8
559.992692942611	1391.95
562.7409290418	1387.75
565.488246734512	1390.6
568.234646569086	1390.2
570.980129093223	1384.7
573.724694853885	1388.3
576.468344397344	1385.1
579.211078269134	1387.5
581.952897014191	1379.3
584.693801176654	1387.95
587.433791300009	1383.5
590.172867927089	1391
592.911031599993	1384.6
595.648282860111	1387.75
598.384622248203	1385.4
601.120050304315	1392.15
603.854567567836	1388.15
606.58817457741	1392.85
609.320871871048	1396.05
612.052659986093	1389.5
614.783539459233	1388
617.513510826346	1393.15
620.242574622815	1391.65
622.970731383251	1395
625.697981641584	1392.15
628.424325931112	1390.1
631.149764784488	1395.55
633.874298733623	1388.35
636.597928309828	1389.4
639.32065404372	1391.75
642.042476465293	1387.7
644.763396103819	1387.05
647.483413487967	1385.5
650.202529145739	1389.8
652.920743604453	1385.45
655.638057390799	1389.05
658.354471030794	1385.9
661.069985049813	1379.8
663.784599972605	1387.6
666.498316323243	1389.55
669.211134625199	1390.35
671.92305540121	1391.2
674.634079173458	1389.45
677.344206463444	1393.95
680.053437792016	1396.3
682.761773679416	1396.45
685.469214645233	1398.5
688.17576120844	1396.15
690.881413887342	1396.5
693.586173199656	1397.85
696.290039662363	1406.85
698.993013791962	1408.2
701.695096104213	1399.1
704.39628711433	1397.15
707.09658733679	1400.2
709.795997285593	1388.75
712.494517473973	1394.2
715.192148414648	1397.2
717.88889061967	1399.15
720.584744600481	1398.25
723.279710867901	1398.25
725.973789932137	1398.45
728.666982302784	1398.65
731.35928848882	1397.45
734.050708998609	1396.7
736.741244339959	1401.05
739.43089501997	1395.05
742.119661545214	1400.1
744.807544421623	1398.85
747.494544154517	1398.1
750.180661248665	1395.2
752.865896208186	1391.6
755.550249536631	1399
758.233721736928	1400.35
760.916313311373	1401.2
763.59802476177	1396.6
766.278856589226	1401.25
768.95880929433	1397.75
771.637883377043	1398.05
774.316079336699	1401.85
776.99339767214	1391.9
779.669838881535	1396.6
782.34540346247	1399.8
785.020091912033	1396.75
787.693904726642	1398.6
790.366842402171	1404.55
793.03890543387	1396.45
795.710094316506	1393.5
798.380409544152	1397.05
801.04985161038	1400.95
803.718421008158	1398.35
806.386118229882	1396.95
809.052943767401	1397.65
811.71889811198	1396.05
814.383981754261	1399.25
817.048195184412	1399.2
819.711538891985	1398.7
822.374013365963	1400.1
825.03561909476	1404.3
827.696356566241	1399.95
830.35622626773	1401.25
833.015228685934	1400.7
835.673364307029	1404.7
838.330633616661	1401.85
840.987037099894	1407.8
843.642575241221	1401.45
846.297248524628	1403.55
848.951057433525	1404.85
851.604002450746	1399.55
854.25608405859	1396.9
856.907302738819	1402.95
859.557658972619	1399.85
862.207153240706	1401.75
864.855786023167	1400.45
867.503557799606	1397.45
870.150469048967	1401.95
872.796520249864	1405.6
875.441711880158	1410.2
878.08604441729	1405.8
880.729518338143	1404.95
883.372134119039	1402.85
886.013892235827	1403.95
888.654793163751	1406.05
891.294837377547	1404.05
893.934025351406	1405.85
896.572357559064	1401.35
899.209834473648	1409.4
901.84645656775	1405.95
904.482224313531	1405.85
907.117138182493	1403.35
909.751198645747	1409
912.384406173802	1406.65
915.016761236682	1411.3
917.648264303851	1409.15
920.278915844279	1406.4
922.908716326445	1412.8
925.537666218297	1411.15
928.165765987182	1412.45
930.793016100095	1403.35
933.4194170234	1405.55
936.044969222985	1406.9
938.669673164197	1408.8
941.29352931193	1408.05
943.916538130547	1411.6
946.538700083926	1410.75
949.160015635371	1406.45
951.780485247724	1410.65
954.400109383343	1410.5
957.018888504099	1413.3
959.636823071291	1412
962.253913545748	1411.75
964.870160387873	1414.2
967.485564057468	1407.15
970.100125013858	1412.25
972.713843715963	1405.35
975.326720622103	1406.45
977.938756190171	1407.75
980.549950877532	1410.95
983.160305141049	1407.25
985.769819437195	1413.15
988.378494221815	1408.2
990.986329950352	1415.45
993.593327077793	1411.95
996.199486058504	1418.3
998.804807346576	1410.15
1001.4092913954	1415.15
1004.01293865807	1416.8
1006.61574958703	1420.05
1009.21772463443	1415.55
1011.81886425179	1410.8
1014.41916889019	1419.45
1017.01863900033	1417.7
1019.61727503231	1412.3
1022.21507743582	1417.3
1024.81204666008	1417.2
1027.40818315381	1411.85
1030.00348736528	1413.85
1032.59795974232	1414.4
1035.19160073224	1414
1037.7844107819	1411.3
1040.37639033772	1418.8
1042.96753984561	1419
1045.55785975108	1416.45
1048.14735049912	1409.15
1050.73601253427	1413
1053.32384630067	1417.45
1055.91085224193	1416.5
1058.49703080125	1420.25
1061.08238242129	1414.75
1063.66690754441	1423.7
1066.25060661234	1425.15
1068.83348006645	1422.35
1071.4155283477	1416.3
1073.99675189652	1417.35
1076.5771511529	1422.6
1079.15672655643	1424.25
1081.73547854619	1426.35
1084.31340756087	1424.35
1086.89051403869	1425.3
1089.46679841739	1421.2
1092.04226113436	1428.65
1094.61690262643	1421.85
1097.19072333009	1427.65
1099.76372368131	1427.3
1102.33590411568	1427.6
1104.90726506836	1428.95
1107.47780697397	1421.65
1110.04753026686	1427.2
1112.61643538078	1428.35
1115.18452274913	1425.15
1117.75179280488	1427.95
1120.31824598057	1425.65
1122.88388270825	1427.25
1125.44870341961	1435.75
1128.01270854589	1433.95
1130.57589851788	1428.95
1133.13827376596	1434.85
1135.69983472009	1426.95
1138.26058180979	1423.65
1140.82051546416	1433.35
1143.37963611193	1424.75
1145.93794418127	1429
1148.49544010009	1425.25
1151.0521242958	1431.25
1153.60799719538	1434.25
1156.16305922543	1430.2
1158.71731081211	1429.6
1161.27075238115	1424.2
1163.82338435794	1423.05
1166.37520716733	1426.65
1168.92622123388	1428.4
1171.47642698167	1427.25
1174.02582483438	1430.35
1176.57441521531	1434.5
1179.1221985473	1432.95
1181.66917525281	1431.8
1184.21534575392	1436.4
1186.76071047223	1426
1189.30526982903	1438.65
1191.84902424513	1430.5
1194.39197414094	1435
1196.93411993654	1435.85
1199.47546205156	1431.8
1202.01600090517	1430.45
1204.55573691627	1424.8
1207.09467050325	1436.5
1209.63280208415	1439.1
1212.17013207664	1430.5
1214.70666089791	1431.05
1217.24238896483	1433.9
1219.77731669386	1430.9
1222.31144450109	1434.15
1224.84477280214	1426.75
1227.37730201229	1432.1
1229.90903254647	1432
1232.43996481915	1440.65
1234.97009924443	1428.9
1237.4994362361	1434.3
1240.02797620741	1435.35
1242.55571957138	1429.5
1245.08266674054	1436.8
1247.60881812709	1433.3
1250.13417414282	1439.8
1252.65873519917	1440.6
1255.18250170716	1443.45
1257.70547407745	1437.9
1260.22765272036	1431.65
1262.74903804577	1437.8
1265.26963046317	1440.5
1267.78943038176	1441.8
1270.30843821029	1437.3
1272.82665435715	1434.6
1275.34407923036	1435.05
1277.86071323762	1442.35
1280.37655678619	1435.85
1282.89161028295	1440.45
1285.40587413448	1447.45
1287.91934874692	1444.9
1290.43203452609	1438.8
1292.94393187742	1444.4
1295.45504120595	1448.7
1297.96536291646	1449.25
1300.47489741321	1443.3
1302.98364510022	1443.3
1305.49160638107	1450.8
1307.99878165903	1441.65
1310.505171337	1450.05
1313.01077581746	1449.7
1315.51559550262	1446.95
1318.01963079426	1451.25
1320.52288209385	1452.75
1323.02534980246	1446.85
1325.52703432086	1442.4
1328.02793604938	1459.05
1330.52805538811	1453.85
1333.02739273669	1447
1335.52594849444	1449.4
1338.02372306031	1452.4
1340.52071683296	1448.35
1343.0169302106	1454.7
1345.5123635912	1451.35
1348.00701737233	1449.05
1350.50089195115	1456.9
1352.99398772459	1450.7
1355.48630508912	1452.2
1357.977844441	1452.45
1360.468606176	1453.25
1362.95859068964	1451.6
1365.44779837706	1449.4
1367.93622963304	1451.6
1370.42388485211	1452.6
1372.91076442834	1447.9
1375.39686875558	1444.5
1377.88219822719	1449.2
1380.36675323633	1440.8
1382.85053417574	1440
1385.3335414379	1441.3
1387.8157754149	1436.1
1390.29723649845	1437.8
1392.77792508003	1440.75
1395.25784155074	1449
1397.73698630129	1434.5
1400.21535972217	1438
1402.69296220344	1444.55
1405.16979413489	1438.1
1407.64585590593	1440.3
1410.12114790574	1439.7
1412.59567052304	1443.95
1415.06942414631	1438.5
1417.54240916367	1443.35
1420.01462596292	1446.55
1422.48607493154	1446.8
1424.95675645672	1452.35
1427.42667092527	1452.35
1429.89581872366	1459.25
1432.36420023814	1464.2
1434.83181585455	1475.05
1437.29866595843	1486.25
1439.764750935	1486.4
1442.23007116921	1480.15
1444.6946270456	1476.8
1447.15841894847	1469.35
1449.62144726174	1474.25
1452.08371236909	1465.5
1454.54521465385	1464.9
1457.005954499	1466.3
1459.46593228725	1469.05
1461.92514840098	1469.1
1464.38360322228	1461.55
1466.84129713289	1463.35
1469.29823051426	1459.05
1471.75440374753	1455.5
1474.20981721357	1455.6
1476.66447129283	1446.5
1479.11836636557	1440.55
1481.57150281173	1442.95
1484.02388101085	1444.05
1486.47550134221	1439.15
1488.92636418489	1437.15
1491.3764699175	1435.3
1493.82581891847	1436.55
1496.27441156584	1434
1498.7222482374	1435.5
1501.16932931066	1433.25
1503.61565516275	1432.1
1506.06122617057	1433.3
1508.50604271072	1432.2
1510.95010515943	1434
1513.39341389271	1435.65
1515.83596928624	1428.45
1518.27777171538	1439.45
1520.71882155528	1432.1
1523.15911918069	1433.35
1525.59866496615	1429.7
1528.03745928582	1432.65
1530.47550251365	1433.75
1532.91279502326	1434.8
1535.34933718794	1440.95
1537.7851293808	1438.5
1540.22017197455	1444.6
1542.65446534165	1441.75
1545.08800985429	1444.45
1547.52080588433	1443.8
1549.95285380341	1433.7
1552.38415398276	1441.7
1554.81470679349	1445.45
1557.2445126063	1445.6
1559.67357179161	1441.05
1562.10188471965	1444.75
1564.52945176027	1443.8
1566.95627328306	1443.4
1569.38234965738	1437.9
1571.80768125222	1447.8
1574.23226843638	1447.65
1576.65611157831	1448.75
1579.07921104621	1450.3
1581.50156720802	1447.8
1583.92318043135	1449.5
1586.34405108355	1451.05
1588.76417953176	1452.8
1591.18356614274	1451.05
1593.60221128307	1450.4
1596.02011531892	1453.7
1598.43727861639	1458.45
1600.85370154111	1453.3
1603.2693844585	1455.65
1605.68432773381	1456.1
1608.09853173186	1452.65
1610.51199681725	1453.6
1612.92472335443	1454.2
1615.33671170737	1461.8
1617.74796223994	1454.8
1620.15847531568	1456.65
1622.56825129782	1465.15
1624.9772905494	1460.65
1627.38559343317	1456.35
1629.79316031155	1453.25
1632.19999154681	1460.5
1634.60608750085	1451.95
1637.01144853532	1446.35
1639.4160750117	1450.7
1641.81996729107	1448.15
1644.22312573436	1440.15
1646.62555070217	1443.05
1649.02724255488	1443.45
1651.42820165256	1447.7
1653.82842835509	1446.35
1656.22792302206	1444.25
1658.62668601273	1444.25
1661.02471768618	1447.7
1663.42201840124	1447.15
1665.81858851643	1446.6
1668.21442839009	1448.6
1670.60953838021	1441.85
1673.00391884458	1441.4
1675.39757014071	1434.9
1677.79049262587	1435.95
1680.18268665711	1435.4
1682.57415259115	1424.9
1684.96489078452	1428.35
1687.35490159348	1423.9
1689.74418537402	1421.95
1692.13274248189	1422.15
1694.52057327261	1423.45
1696.90767810145	1417.35
1699.29405732336	1416.3
1701.67971129312	1420.85
1704.06464036525	1414.7
1706.44884489402	1421.9
1708.83232523338	1414.35
1711.21508173718	1415.5
1713.59711475889	1416.9
1715.97842465179	1411.9
1718.35901176889	1414.55
1720.73887646303	1414.05
1723.11801908668	1421.05
1725.49643999222	1416
1727.87413953161	1415.6
1730.25111805676	1414.3
1732.62737591915	1413.9
1735.00291347018	1421.8
1737.37773106093	1420.7
1739.7518290422	1418.1
1742.12520776463	1412.5
1744.49786757862	1408.95
1746.86980883426	1410.55
1749.24103188144	1412.55
1751.61153706987	1414.5
1753.98132474894	1406.5
1756.35039526786	1409.65
1758.71874897551	1411.55
1761.08638622065	1409.85
1763.45330735178	1414
1765.8195127171	1410.1
1768.18500266468	1412.25
1770.54977754224	1409.65
1772.91383769734	1412
1775.27718347729	1401.35
1777.63981522918	1405.4
1780.00173329989	1406
1782.36293803599	1404.2
1784.72342978391	1408.9
1787.08320888977	1403.5
1789.44227569952	1403.85
1791.80063055887	1402.75
1794.15827381328	1406.1
1796.51520580805	1403.55
1798.87142688814	1404.15
1801.22693739835	1409.95
1803.58173768324	1396.45
1805.9358280872	1402.2
1808.28920895432	1401.4
1810.64188062848	1399.4
1812.99384345335	1397.05
1815.34509777241	1401.1
1817.69564392885	1405.2
1820.04548226566	1404.45
1822.39461312563	1401.85
1824.74303685133	1403.5
1827.09075378508	1408.3
1829.437764269	1409.2
1831.78406864495	1406.35
1834.12966725466	1401.4
1836.47456043956	1399.95
1838.81874854086	1401
1841.16223189963	1401.2
1843.50501085661	1403.65
1845.84708575242	1398.5
1848.18845692741	1406.45
1850.52912472176	1403.2
1852.86908947537	1406.8
1855.20835152796	1401.3
1857.54691121902	1409.3
1859.88476888788	1404.65
1862.22192487359	1398.65
1864.558379515	1398.9
1866.8941331508	1402.35
1869.22918611937	1402.9
1871.56353875894	1401.45
1873.89719140757	1404.8
1876.23014440301	1403.55
1878.56239808285	1399.5
1880.89395278449	1403.15
1883.22480884507	1405.9
1885.55496660161	1400.85
1887.88442639079	1406.35
1890.21318854917	1403.3
1892.5412534131	1405.35
1894.86862131866	1402.1
1897.19529260183	1400.8
1899.52126759829	1405.15
1901.84654664352	1403
1904.17113007288	1406.4
1906.49501822139	1400.65
1908.81821142399	1398.9
1911.14071001533	1399
1913.46251432989	1399.95
1915.78362470196	1402.6
1918.1040414656	1404.4
1920.42376495469	1401.15
1922.74279550288	1396.8
1925.06113344363	1404.05
1927.37877911022	1403.4
1929.6957328357	1399.05
1932.01199495293	1401.15
1934.32756579456	1400.25
1936.64244569303	1398.2
1938.95663498066	1400
1941.27013398945	1400.65
1943.58294305128	1396.15
1945.89506249783	1400.8
1948.20649266054	1401.7
1950.51723387069	1399.5
1952.82728645932	1403.3
1955.13665075736	1405.4
1957.44532709541	1402.15
1959.75331580401	1401.3
1962.06061721342	1406.5
1964.36723165377	1399.6
1966.67315945487	1398.6
1968.97840094649	1399.8
1971.28295645812	1406.1
1973.58682631905	1397.9
1975.89001085844	1400.05
1978.19251040516	1401.15
1980.494325288	1402.8
1982.79545583546	1407.5
1985.09590237592	1403.4
1987.39566523752	1398.15
1989.69474474823	1402.15
1991.99314123583	1401.3
1994.29085502793	1405.8
1996.58788645191	1400
1998.88423583496	1399.3
2001.17990350411	1400.45
2003.47488978619	1400.3
2005.76919500788	1394.7
2008.06281949558	1397.4
2010.35576357558	1396.8
2012.64802757396	1396.05
2014.93961181663	1395.85
2017.23051662925	1398.35
2019.52074233741	1393.6
2021.81028926638	1397.55
2024.09915774136	1398.6
2026.38734808728	1397.45
2028.67486062894	1400.2
2030.96169569092	1405.1
2033.24785359766	1403.1
2035.53333467336	1397.05
2037.8181392421	1397.8
2040.10226762771	1398.05
2042.38572015388	1401.85
2044.66849714414	1393.05
2046.95059892175	1399.3
2049.23202580988	1396.55
2051.51277813151	1400.15
2053.79285620938	1399.75
2056.07226036609	1401.85
2058.35099092406	1398.4
2060.62904820554	1401.6
2062.90643253257	1392.7
2065.18314422699	1401.7
2067.45918361056	1405.55
2069.73455100479	1398.5
2072.00924673099	1405.1
2074.28327111037	1402.2
2076.55662446386	1403.9
2078.82930711232	1401.95
2081.10131937636	1403.7
2083.37266157645	1398.4
2085.64333403287	1396.7
2087.91333706573	1400.9
2090.18267099495	1398.5
2092.45133614032	1395.7
2094.71933282136	1397.9
2096.98666135753	1399.45
2099.25332206808	1396.8
2101.51931527201	1400.35
2103.78464128825	1400.1
2106.04930043552	1399
2108.31329303233	1394.45
2110.57661939707	1398.65
2112.83927984795	1401.25
2115.10127470298	1400.5
2117.36260428001	1400.35
2119.62326889674	1401.75
2121.88326887067	1398.2
2124.14260451915	1397
2126.40127615936	1396.5
2128.65928410831	1396.9
2130.91662868281	1396.1
2133.17331019953	1397.05
2135.42932897498	1398.8
2137.68468532548	1394.75
2139.93937956721	1400.4
2142.19341201612	1399.5
2144.44678298807	1399.15
2146.6994927987	1399.9
2148.95154176352	1396
2151.20293019784	1402.75
2153.45365841678	1398.45
2155.70372673541	1397.45
2157.95313546847	1396.1
2160.20188493068	1395.8
2162.44997543654	1400.05
2164.69740730033	1393.6
2166.94418083625	1399
2169.19029635827	1395.2
2171.43575418027	1401.6
2173.68055461589	1400.05
2175.92469797864	1398.45
2178.16818458188	1398.65
2180.4110147388	1401.4
2182.65318876239	1401.25
2184.89470696553	1402.7
2187.13556966092	1395.3
2189.3757771611	1399.3
2191.6153297784	1394.8
2193.85422782509	1403.35
2196.09247161318	1400.4
2198.33006145458	1397.7
2200.56699766099	1399.7
2202.80328054401	1400.2
2205.03891041507	1401.3
2207.27388758537	1397.25
2209.50821236601	1394.4
2211.74188506796	1400.5
2213.97490600193	1398.5
2216.20727547859	1398.2
2218.43899380839	1401.45
2220.67006130163	1397.25
2222.90047826838	1401.05
2225.13024501872	1402.3
2227.35936186243	1400.75
2229.58782910918	1401.75
2231.81564706848	1399.35
2234.0428160497	1400.5
2236.26933636204	1396.1
2238.49520831453	1396.75
2240.72043221604	1397.4
2242.94500837535	1395.6
2245.16893710102	1400.5
2247.39221870145	1399.55
2249.61485348491	1401.35
2251.83684175956	1399.35
2254.05818383329	1396.9
2256.27888001398	1393.7
2258.49893060922	1397.7
2260.71833592657	1400.95
2262.9370962733	1400.3
2265.15521195664	1397.05
2267.37268328365	1403.15
2269.58951056117	1400.7
2271.805694096	1397.05
2274.02123419466	1396.1
2276.2361311636	1398.45
2278.45038530914	1398
2280.66399693732	1396
2282.87696635422	1402.35
2285.08929386561	1404.05
2287.30097977717	1397.95
2289.51202439443	1399.05
2291.72242802276	1398.65
2293.93219096739	1399.7
2296.14131353341	1398.45
2298.34979602573	1396.15
2300.55763874915	1403.5
2302.76484200825	1397.55
2304.97140610756	1393.65
2307.1773313514	1395
2309.38261804394	1397.15
2311.58726648922	1398.5
2313.79127699113	1395.55
2315.99464985341	1400.2
2318.19738537964	1400.85
2320.39948387328	1393.95
2322.60094563762	1399.95
2324.80177097581	1396.2
2327.00196019087	1401
2329.20151358562	1393.35
2331.40043146282	1396.2
2333.59871412501	1401.65
2335.79636187462	1402.4
2337.99337501391	1401.3
2340.18975384503	1392.9
2342.38549866995	1393.95
2344.58060979049	1396.35
2346.77508750839	1397.85
2348.96893212519	1397.85
2351.16214394228	1389.7
2353.35472326089	1402.85
2355.54667038223	1392.65
2357.73798560718	1396.35
2359.92866923663	1402.65
2362.11872157123	1398.6
2364.30814291156	1399.8
2366.49693355801	1393.95
2368.6850938108	1393.4
2370.8726239701	1398.2
2373.05952433588	1397.95
2375.24579520792	1398.55
2377.431436886	1398.75
2379.61644966958	1404.25
2381.80083385809	1399.1
2383.98458975084	1400.75
2386.16771764692	1396.45
2388.35021784529	1402.25
2390.53209064485	1400.25
2392.71333634425	1398.8
2394.89395524208	1399.6
2397.07394763676	1400.3
2399.25331382656	1399.65
2401.43205410961	1404.5
2403.61016878396	1404.65
2405.78765814741	1399
2407.96452249772	1404.95
2410.14076213248	1396.1
2412.31637734914	1396.05
2414.49136844495	1402.2
2416.66573571713	1397.45
2418.83947946271	1400.2
2421.01259997852	1396.75
2423.1850975614	1398.1
2425.35697250791	1398.65
2427.52822511452	1398.9
2429.69885567762	1394.45
2431.86886449333	1397
2434.03825185781	1395.4
2436.20701806691	1401.3
2438.37516341644	1399.7
2440.5426882021	1396.2
2442.70959271936	1396.1
2444.87587726359	1396.5
2447.04154213005	1395.35
2449.20658761387	1398.45
2451.37101400998	1394.3
2453.53482161326	1392
2455.69801071836	1396.4
2457.8605816199	1396.3
2460.02253461228	1395.1
2462.18386998979	1389.75
2464.34458804659	1394.65
2466.50468907673	1398.35
2468.66417337407	1391.7
2470.82304123236	1395
2472.98129294523	1398.4
2475.13892880619	1393.95
2477.29594910855	1395.55
2479.45235414555	1401.5
2481.60814421031	1397.1
2483.76331959571	1402.5
2485.9178805946	1389.35
2488.07182749967	1395.3
2490.22516060347	1393.5
2492.3778801984	1401.65
2494.52998657677	1397.2
2496.68148003069	1395.2
2498.83236085223	1395.4
2500.98262933324	1389.15
2503.13228576548	1396
2505.28133044056	1394.3
2507.42976365	1400.7
2509.57758568513	1398.9
2511.72479683716	1396.4
2513.87139739723	1395.45
2516.01738765626	1393.6
2518.16276790511	1395.3
2520.30753843447	1395.7
2522.45169953491	1393.4
2524.59525149684	1397.45
2526.73819461058	1392.9
2528.88052916631	1393.9
2531.02225545408	1396
2533.16337376379	1398.4
2535.30388438523	1396.95
2537.44378760803	1392.35
2539.58308372173	1394.45
2541.72177301575	1399.7
2543.8598557793	1393.3
2545.99733230155	1394.95
2548.13420287147	1396.9
2550.27046777797	1394.15
2552.40612730974	1392.8
2554.54118175543	1398.7
2556.67563140353	1392.8
2558.8094765424	1397.15
2560.94271746021	1400.1
2563.07535444515	1396.55
2565.20738778509	1398.35
2567.33881776793	1390.5
2569.46964468137	1395.5
2571.59986881296	1395.5
2573.72949045019	1396.8
2575.85850988041	1399.3
2577.98692739076	1401.7
2580.11474326833	1396.3
2582.24195780007	1399.15
2584.36857127278	1395.95
2586.49458397316	1393.4
2588.61999618775	1398.85
2590.74480820301	1394.9
2592.86902030521	1399.5
2594.99263278055	1395.4
2597.11564591506	1403
2599.23805999469	1400.4
2601.35987530519	1398.9
2603.48109213227	1397.5
2605.60171076144	1393.25
2607.72173147814	1393.55
2609.84115456763	1394.8
2611.95998031511	1398.15
2614.07820900557	1395.85
2616.19584092393	1391.7
2618.312876355	1397.3
2620.4293155834	1397.85
2622.54515889368	1395.25
2624.66040657021	1398.85
2626.77505889732	1394.95
2628.88911615911	1394.55
2631.00257863966	1392.75
2633.11544662282	1402.2
2635.22772039237	1396.65
2637.339400232	1398
2639.45048642521	1396.75
2641.56097925537	1395.8
2643.67087900579	1394.65
2645.7801859596	1398.55
2647.88890039983	1397
2649.9970226094	1399.55
2652.10455287102	1396.6
2654.21149146742	1395.75
2656.31783868105	1392.75
2658.42359479433	1392
2660.52876008958	1396.85
2662.63333484887	1398.1
2664.73731935429	1394.5
2666.84071388773	1402.9
2668.94351873093	1389
2671.04573416558	1399.4
2673.1473604732	1395.35
2675.24839793518	1400.4
2677.3488468328	1398.2
2679.44870744724	1403.05
2681.54798005951	1394.45
2683.64666495052	1395.3
2685.74476240107	1399.05
2687.8422726918	1397.2
2689.93919610329	1392.05
2692.03553291589	1394.5
2694.13128340992	1394.55
2696.22644786557	1400.7
2698.32102656284	1396.8
2700.41501978168	1396.3
2702.50842780187	1399.85
2704.60125090311	1399.65
2706.69348936494	1395.5
2708.78514346676	1400.1
2710.8762134879	1401.8
2712.96669970755	1395.05
2715.05660240476	1399.2
2717.14592185844	1402.6
2719.23465834743	1403.05
2721.32281215045	1406.55
2723.41038354602	1405
2725.49737281259	1399.7
2727.58378022849	1401.65
2729.66960607195	1401.1
2731.75485062099	1400.55
2733.83951415361	1400.6
2735.92359694764	1399.65
2738.00709928077	1399.6
2740.09002143063	1400.2
2742.17236367463	1394.2
2744.25412629015	1397.35
2746.33530955439	1400.05
2748.41591374448	1397.75
2750.49593913737	1401.05
2752.57538600995	1401.3
2754.65425463892	1399.5
2756.73254530091	1396.95
2758.81025827241	1397.1
2760.88739382976	1396.15
2762.96395224927	1394.95
2765.03993380699	1401.7
2767.11533877899	1394.65
2769.19016744111	1395.15
2771.26442006913	1396.05
2773.33809693868	1395.55
2775.4111983253	1388.45
2777.48372450436	1395.45
2779.55567575113	1392.45
2781.62705234077	1397.4
2783.69785454832	1399.55
2785.7680826487	1399.2
2787.83773691668	1391.7
2789.90681762692	1396.5
2791.97532505398	1394.75
2794.0432594723	1395.5
2796.11062115616	1397.5
2798.17741037976	1395.2
2800.24362741716	1393.65
2802.30927254228	1400.7
2804.37434602896	1397.7
2806.43884815088	1392.8
2808.50277918166	1396.85
2810.56613939471	1396.9
2812.62892906337	1399.7
2814.69114846089	1394.3
2816.75279786031	1398.15
2818.81387753465	1402.25
2820.87438775676	1406.95
2822.93432879935	1405.3
2824.99370093502	1411.75
2827.05250443627	1407.45
2829.11073957549	1418.6
2831.1684066249	1418.25
2833.22550585665	1427
2835.28203754276	1428.15
2837.33800195503	1439
2839.39339936533	1449.2
2841.44823004524	1470.8
2843.50249426631	1488.55
2845.55619229994	1496.6
2847.60932441737	1509.75
2849.66189088984	1495.8
2851.71389198833	1500.7
2853.76532798378	1494.55
2855.81619914697	1488.8
2857.86650574862	1486.9
2859.91624805924	1486
2861.96542634931	1483.2
2864.01404088912	1494.65
2866.06209194889	1498.3
2868.10957979864	1496.55
2870.15650470842	1502.55
2872.20286694797	1498.35
2874.24866678704	1505.85
2876.29390449524	1505.9
2878.33858034202	1516.65
2880.38269459676	1516.2
2882.42624752864	1530.8
2884.46923940684	1527.75
2886.5116705003	1517.15
2888.5535410779	1504
2890.5948514084	1515.35
2892.63560176042	1510.55
2894.67579240248	1498.1
2896.71542360294	1495.5
2898.75449563009	1486.4
2900.79300875207	1493.45
2902.83096323693	1488.7
2904.86835935255	1485.55
2906.90519736671	1485.95
2908.94147754708	1481.15
2910.97720016121	1486.25
2913.01236547652	1492.55
2915.04697376032	1500.55
2917.08102527977	1487.45
2919.11452030196	1494.55
2921.14745909381	1489.1
2923.17984192217	1495.25
2925.21166905367	1499.95
2927.24294075498	1494.6
2929.27365729246	1501.9
2931.30381893256	1503
2933.33342594139	1505.65
2935.36247858511	1499.75
2937.39097712966	1503.75
2939.41892184093	1498.65
2941.4463129846	1492.6
2943.47315082636	1484.5
2945.49943563162	1473.95
2947.52516766583	1476.45
2949.55034719416	1472.25
2951.5749744818	1470.95
2953.59904979372	1471.65
2955.62257339484	1474.8
2957.6455455499	1466.6
2959.66796652358	1465.95
2961.68983658035	1461.25
2963.71115598465	1464
2965.73192500078	1461.55
2967.75214389284	1441.45
2969.77181292495	1447.6
2971.79093236097	1444.45
2973.80950246471	1440.35
2975.82752349986	1434.6
2977.84499572997	1433.65
2979.86191941846	1421.35
2981.87829482868	1420.55
2983.89412222376	1420.55
2985.90940186687	1415.15
2987.92413402085	1412.85
2989.9383189486	1416.35
2991.95195691279	1410.5
2993.96504817604	1408
2995.97759300079	1404.6
2997.98959164938	1401.85
3000.00104438406	1401.15
3002.01195146688	1401.2
3004.02231315986	1399.05
3006.03212972484	1402
3008.04140142357	1396.3
3010.05012851761	1390.35
3012.05831126852	1400.1
3014.06594993764	1394.75
3016.07304478621	1400.65
3018.07959607537	1386.9
3020.08560406612	1390.8
3022.09106901934	1396.75
3024.09599119578	1391.7
3026.10037085609	1390.85
3028.10420826079	1389.35
3030.10750367027	1392
3032.1102573448	1393.2
3034.11246954452	1392.65
3036.11414052945	1393.2
3038.11527055955	1398.5
3040.11585989455	1391.25
3042.11590879412	1393.5
3044.1154175178	1391.8
3046.11438632501	1391.55
3048.11281547505	1387.8
3050.11070522711	1393.05
3052.10805584017	1385.2
3054.1048675732	1383.9
3056.10114068502	1387.85
3058.0968754343	1389.15
3060.09207207957	1388.1
3062.08673087927	1392.25
3064.08085209175	1386.55
3066.07443597516	1382.35
3068.06748278757	1387.1
3070.05999278695	1386
3072.05196623109	1385.95
3074.04340337769	1388.65
3076.03430448434	1386.65
3078.02466980849	1383.8
3080.01449960745	1386.4
3082.00379413843	1386.3
3083.9925536585	1386
3085.98077842465	1379.55
3087.96846869369	1385.9
3089.95562472232	1383.45
3091.94224676712	1384.5
3093.92833508458	1379
3095.91388993103	1380.85
3097.89891156268	1382.15
3099.88340023562	1382.6
3101.86735620583	1383.9
3103.85077972911	1377.2
3105.83367106124	1379.4
3107.81603045778	1385.05
3109.79785817421	1383.05
3111.77915446583	1381.4
3113.75991958792	1375.3
3115.74015379558	1380.95
3117.71985734373	1381
3119.69903048728	1384.3
3121.67767348089	1379.6
3123.65578657922	1378.8
3125.6333700367	1372.25
3127.6104241077	1382.1
3129.58694904642	1380.75
3131.56294510702	1378.75
3133.53841254342	1381.65
3135.51335160946	1373.6
3137.48776255889	1376.9
3139.46164564535	1383.9
3141.43500112223	1378.35
3143.40782924292	1377.35
3145.38013026067	1382.05
3147.35190442853	1375.3
3149.32315199951	1374.7
3151.29387322642	1380.1
3153.264068362	1378.35
3155.23373765885	1375.05
3157.20288136944	1376.35
3159.17149974608	1375.75
3161.13959304105	1375.65
3163.1071615064	1375.2
3165.07420539406	1377.35
3167.04072495595	1377.5
3169.00672044373	1375.75
3170.97219210897	1376.5
3172.93714020319	1376.7
3174.90156497767	1380.15
3176.86546668362	1380.55
3178.82884557214	1375.8
3180.79170189418	1371.5
3182.75403590056	1376.85
3184.715847842	1375.85
3186.67713796902	1381.9
3188.63790653211	1374
3190.59815378154	1374.1
3192.55787996755	1374.5
3194.5170853402	1377.8
3196.47577014938	1376.3
3198.43393464494	1373.15
3200.39157907655	1376.25
3202.34870369374	1371.85
3204.30530874596	1378.4
3206.26139448251	1377.6
3208.21696115252	1375.55
3210.17200900507	1374.65
3212.12653828907	1370.4
3214.08054925326	1374.1
3216.03404214633	1375.35
3217.98701721682	1380.45
3219.93947471309	1371.7
3221.89141488341	1372.5
3223.84283797597	1377.45
3225.79374423874	1371
3227.74413391961	1371.95
3229.69400726635	1374.15
3231.64336452656	1371.9
3233.59220594776	1376.6
3235.5405317773	1377.1
3237.48834226242	1375.85
3239.43563765021	1377.4
3241.38241818768	1370.95
3243.32868412166	1372.3
3245.2744356989	1374.75
3247.21967316592	1377.9
3249.16439676924	1371.45
3251.10860675516	1370.3
3253.05230336991	1371.95
3254.99548685949	1372.95
3256.93815746992	1370.4
3258.88031544694	1372.85
3260.82196103628	1370.35
3262.76309448343	1378.25
3264.70371603385	1371.9
3266.64382593282	1369.6
3268.58342442548	1373.6
3270.52251175684	1366.45
3272.46108817181	1372.85
3274.39915391514	1372.2
3276.33670923148	1369.75
3278.27375436531	1371.65
3280.21028956098	1364.75
3282.14631506275	1369.85
3284.0818311147	1373.9
3286.01683796082	1370.5
3287.95133584491	1369.75
3289.88532501073	1369.85
3291.81880570181	1370.25
3293.75177816162	1371.25
3295.68424263345	1374.75
3297.61619936048	1374.4
3299.54764858575	1370.2
3301.47859055217	1371.05
3303.40902550252	1369.95
3305.33895367945	1369.35
3307.26837532546	1368.05
3309.19729068294	1368.35
3311.12569999415	1368.05
3313.05360350116	1369.1
3314.98100144596	1369
3316.90789407041	1373.05
3318.83428161621	1369.2
3320.76016432493	1369.15
3322.68554243803	1367.75
3324.61041619683	1370.45
3326.53478584244	1370.5
3328.45865161595	1369.2
3330.38201375827	1370.6
3332.30487251017	1370.55
3334.22722811224	1367.35
3336.14908080503	1369.4
3338.07043082889	1369.85
3339.99127842403	1370.2
3341.91162383057	1370.2
3343.83146728849	1370.35
3345.75080903754	1366.55
3347.6696493175	1369.25
3349.58798836787	1369.9
3351.50582642805	1369.85
3353.42316373738	1362.3
3355.34000053496	1367.75
3357.25633705982	1366.1
3359.17217355085	1365.8
3361.08751024674	1366.4
3363.00234738611	1367.85
3364.91668520742	1366.3
3366.83052394903	1369.4
3368.74386384909	1363.3
3370.65670514568	1362.45
3372.5690480767	1367.45
3374.48089287992	1368.15
3376.39223979298	1365.5
3378.3030890534	1369.4
3380.21344089857	1367.25
3382.12329556566	1364.5
3384.03265329178	1368.95
3385.94151431392	1366.15
3387.84987886884	1365.45
3389.75774719323	1360.8
3391.66511952366	1364.3
3393.57199609651	1364.65
3395.478377148	1366.25
3397.38426291429	1363.85
3399.28965363138	1365.4
3401.19454953506	1366.45
3403.09895086107	1366.9
3405.00285784499	1366.4
3406.9062707222	1370.55
3408.80918972799	1363.9
3410.71161509753	1363.95
3412.61354706583	1360.7
3414.51498586773	1365.5
3416.41593173795	1366.85
3418.31638491112	1366.8
3420.21634562163	1364.5
3422.11581410384	1365.55
3424.01479059184	1363.15
3425.91327531972	1366
3427.81126852131	1368.6
3429.70877043041	1366.05
3431.60578128055	1362.15
3433.50230130525	1364.4
3435.39833073778	1367.8
3437.29386981134	1364.9
3439.18891875896	1363.7
3441.0834778135	1363.9
3442.97754720775	1363.15
3444.87112717428	1362.5
3446.76421794559	1364.85
3448.65681975397	1361.95
3450.54893283163	1359.85
3452.44055741057	1362.7
3454.33169372272	1368.5
3456.22234199981	1360.55
3458.11250247344	1364.45
3460.00217537507	1362.3
3461.89136093605	1363.75
3463.78005938751	1353.95
3465.66827096052	1359.35
3467.55599588595	1366.2
3469.44323439456	1360.9
3471.32998671693	1369.45
3473.21625308352	1365.95
3475.10203372468	1366.7
3476.98732887051	1364.5
3478.87213875106	1363.3
3480.75646359625	1358.7
3482.64030363574	1362.9
3484.52365909917	1362.55
3486.40653021593	1359.45
3488.28891721537	1361.55
3490.1708203266	1361
3492.05223977864	1357.95
3493.93317580033	1356.45
3495.8136286204	1358.7
3497.69359846744	1362.45
3499.57308556981	1360.6
3501.45209015583	1364.1
3503.3306124536	1358.25
3505.20865269111	1362.95
3507.08621109618	1360.5
3508.96328789649	1360.55
3510.83988331961	1361.55
3512.71599759288	1362.75
3514.59163094359	1362.85
3516.4667835988	1359.7
3518.34145578547	1360
3520.21564773039	1363.2
3522.0893596602	1355.15
3523.96259180144	1361
3525.83534438042	1360.6
3527.70761762335	1362.1
3529.57941175632	1359.95
3531.45072700519	1357.2
3533.32156359573	1360.7
3535.19192175357	1357.3
3537.06180170413	1360.4
3538.93120367272	1358.6
3540.80012788455	1354.5
3542.66857456457	1359.35
3544.53654393765	1360.55
3546.40403622849	1358.9
3548.27105166169	1360.35
3550.13759046163	1364.05
3552.00365285252	1362
3553.86923905855	1356.55
3555.7343493036	1357.4
3557.5989838115	1360.15
3559.4631428059	1360.8
3561.3268265103	1356.5
3563.19003514805	1359.45
3565.05276894231	1353.9
3566.91502811616	1358.95
3568.77681289249	1365.1
3570.638123494	1358.65
3572.49896014333	1359.3
3574.35932306286	1356.65
3576.21921247493	1357.15
3578.0786286016	1360.05
3579.93757166487	1357.95
3581.79604188655	1354.35
3583.65403948832	1356.8
3585.51156469171	1362.2
3587.36861771804	1356.2
3589.22519878853	1351.85
3591.08130812422	1357.6
3592.93694594601	1355.3
3594.79211247467	1356.15
3596.64680793073	1354.05
3598.50103253467	1352
3600.35478650672	1357.6
3602.20807006705	1355.75
3604.0608834356	1351.1
3605.91322683217	1351.85
3607.76510047643	1354.5
3609.61650458786	1355.75
3611.46743938581	1350.7
3613.31790508949	1353.9
3615.16790191789	1351.7
3617.01743008987	1353.05
3618.86648982421	1357.7
3620.71508133941	1357.9
3622.56320485389	1359.3
3624.41086058588	1351.1
3626.25804875349	1353
3628.10476957462	1354.5
3629.95102326707	1354.5
3631.79681004844	1354.25
3633.64213013617	1359.2
3635.48698374758	1355.4
3637.33137109977	1352.3
3639.17529240977	1351.55
3641.01874789435	1358.9
3642.8617377702	1352.35
3644.7042622538	1356.2
3646.54632156153	1354.9
3648.38791590953	1352.35
3650.22904551383	1354.85
3652.06971059029	1349.6
